lok = [
    3     1    18    19     2     1
    3     1    19    20     3     2
    3     1    20    21     4     3
    3     1    21    22     5     4
    3     1    22    23     6     5
    3     1    23    24     7     6
    3     1    24    25     8     7
    3     1    25    26     9     8
    3     1    26    27    10     9
    3     1    27    28    11    10
    3     1    28    29    12    11
    3     1    29    30    13    12
    3     1    30    31    14    13
    3     1    31    32    15    14
    3     1    32    33    16    15
    3     1    33    34    17    16
    3     1    35    36    19    18
    3     1    36    37    20    19
    3     1    37    38    21    20
    3     1    38    39    22    21
    3     1    39    40    23    22
    3     1    40    41    24    23
    3     1    41    42    25    24
    3     1    42    43    26    25
    3     1    43    44    27    26
    3     1    44    45    28    27
    3     1    45    46    29    28
    3     1    46    47    30    29
    3     1    47    48    31    30
    3     1    48    49    32    31
    3     1    49    50    33    32
    3     1    50    51    34    33
    3     1    52    53    36    35
    3     1    53    54    37    36
    3     1    54    55    38    37
    3     1    55    56    39    38
    3     1    56    57    40    39
    3     1    57    58    41    40
    3     1    58    59    42    41
    3     1    59    60    43    42
    3     1    60    61    44    43
    3     1    61    62    45    44
    3     1    62    63    46    45
    3     1    63    64    47    46
    3     1    64    65    48    47
    3     1    65    66    49    48
    3     1    66    67    50    49
    3     1    67    68    51    50
    3     1    69    70    53    52
    3     1    70    71    54    53
    3     1    71    72    55    54
    3     1    72    73    56    55
    3     1    73    74    57    56
    3     1    74    75    58    57
    3     1    75    76    59    58
    3     1    76    77    60    59
    3     1    77    78    61    60
    3     1    78    79    62    61
    3     1    79    80    63    62
    3     1    80    81    64    63
    3     1    81    82    65    64
    3     1    82    83    66    65
    3     1    83    84    67    66
    3     1    84    85    68    67
    3     1    86    87    70    69
    3     1    87    88    71    70
    3     1    88    89    72    71
    3     1    89    90    73    72
    3     1    90    91    74    73
    3     1    91    92    75    74
    3     1    92    93    76    75
    3     1    93    94    77    76
    3     1    94    95    78    77
    3     1    95    96    79    78
    3     1    96    97    80    79
    3     1    97    98    81    80
    3     1    98    99    82    81
    3     1    99   100    83    82
    3     1   100   101    84    83
    3     1   101   102    85    84
    3     1   103   104    87    86
    3     1   104   105    88    87
    3     1   105   106    89    88
    3     1   106   107    90    89
    3     1   107   108    91    90
    3     1   108   109    92    91
    3     1   109   110    93    92
    3     1   110   111    94    93
    3     1   111   112    95    94
    3     1   112   113    96    95
    3     1   113   114    97    96
    3     1   114   115    98    97
    3     1   115   116    99    98
    3     1   116   117   100    99
    3     1   117   118   101   100
    3     1   118   119   102   101
    3     1   120   121   104   103
    3     1   121   122   105   104
    3     1   122   123   106   105
    3     1   123   124   107   106
    3     1   124   125   108   107
    3     1   125   126   109   108
    3     1   126   127   110   109
    3     1   127   128   111   110
    3     1   128   129   112   111
    3     1   129   130   113   112
    3     1   130   131   114   113
    3     1   131   132   115   114
    3     1   132   133   116   115
    3     1   133   134   117   116
    3     1   134   135   118   117
    3     1   135   136   119   118
    3     1   137   138   121   120
    3     1   138   139   122   121
    3     1   139   140   123   122
    3     1   140   141   124   123
    3     1   141   142   125   124
    3     1   142   143   126   125
    3     1   143   144   127   126
    3     1   144   145   128   127
    3     1   145   146   129   128
    3     1   146   147   130   129
    3     1   147   148   131   130
    3     1   148   149   132   131
    3     1   149   150   133   132
    3     1   150   151   134   133
    3     1   151   152   135   134
    3     1   152   153   136   135
];

